14.0 0.742367250 74236725
21.0 0.002261220 226122
24.5 0.017290860 1729086
17.5 0.000215920 21592
31.5 0.007535550 753555
28.0 0.011817580 1181758
35.0 0.011498580 1149858
38.5 0.008931030 893103
42.0 0.009056060 905606
45.5 0.008904050 890405
49.0 0.008814630 881463
52.5 0.008791010 879101
56.0 0.008816420 881642
59.5 0.008921410 892141
63.0 0.009059850 905985
66.5 0.009282340 928234
70.0 0.009514020 951402
73.5 0.009763900 976390
87.5 0.010261510 1026151
77.0 0.009976270 997627
80.5 0.010183980 1018398
84.0 0.010302670 1030267
91.0 0.010064180 1006418
98.0 0.009093510 909351
94.5 0.009671350 967135
101.5 0.008307130 830713
105.0 0.007353670 735367
133.0 0.000299530 29953
108.5 0.006243050 624305
119.0 0.002756080 275608
129.5 0.000607370 60737
115.5 0.003848010 384801
126.0 0.001107950 110795
122.5 0.001825460 182546
112.0 0.005052810 505281
136.5 0.000131200 13120
140.0 0.000050360 5036
143.5 0.000016520 1652
150.5 0.000001020 102
147.0 0.000004530 453
154.0 0.000000160 16
