157.5 0.087507130 8750713
150.5 0.225055600 22505560
147.0 0.211733170 21173317
143.5 0.146516420 14651642
154.0 0.169975620 16997562
161.0 0.029334050 2933405
136.5 0.031730750 3173075
140.0 0.077103110 7710311
164.5 0.006059640 605964
133.0 0.010525590 1052559
129.5 0.002861200 286120
122.5 0.000129040 12904
168.0 0.000735320 73532
126.0 0.000658860 65886
171.5 0.000045860 4586
119.0 0.000023120 2312
115.5 0.000003400 340
112.0 0.000000450 45
175.0 0.000001580 158
108.5 0.000000070 7
178.5 0.000000020 2