7.0 0.186427120 18642712
24.5 0.031141420 3114142
21.0 0.005888890 588889
17.5 0.000960630 96063
28.0 0.024616110 2461611
31.5 0.017771290 1777129
35.0 0.027154170 2715417
38.5 0.022247830 2224783
42.0 0.023848090 2384809
45.5 0.024333560 2433356
49.0 0.025145890 2514589
52.5 0.026034040 2603404
59.5 0.028041470 2804147
56.0 0.026887510 2688751
63.0 0.029349320 2934932
66.5 0.030855530 3085553
73.5 0.033862900 3386290
70.0 0.032296460 3229646
77.0 0.035386340 3538634
80.5 0.036623890 3662389
84.0 0.037551830 3755183
91.0 0.037621790 3762179
87.5 0.037875020 3787502
94.5 0.036477240 3647724
98.0 0.034607090 3460709
101.5 0.031842210 3184221
105.0 0.028384980 2838498
115.5 0.015243370 1524337
122.5 0.007342370 734237
108.5 0.024268500 2426850
112.0 0.019777940 1977794
119.0 0.011004190 1100419
126.0 0.004498340 449834
136.5 0.000554850 55485
133.0 0.001248660 124866
129.5 0.002510680 251068
143.5 0.000074130 7413
140.0 0.000217280 21728
147.0 0.000020840 2084
150.5 0.000005080 508
154.0 0.000000980 98
161.0 0.000000010 1
157.5 0.000000160 16
