7.0 0.536677410 53667741
17.5 0.049952980 4995298
28.0 0.023287240 2328724
24.5 0.030590670 3059067
21.0 0.002986080 298608
35.0 0.015441540 1544154
31.5 0.013103290 1310329
38.5 0.013591460 1359146
45.5 0.012071750 1207175
42.0 0.012519080 1251908
49.0 0.011445800 1144580
52.5 0.010990730 1099073
56.0 0.010557810 1055781
63.0 0.010053860 1005386
59.5 0.010271630 1027163
66.5 0.009885310 988531
70.0 0.009762400 976240
73.5 0.009709450 970945
80.5 0.009791250 979125
77.0 0.009740060 974006
105.0 0.012017430 1201743
122.5 0.012347640 1234764
98.0 0.011150320 1115032
136.5 0.006917380 691738
140.0 0.004942850 494285
112.0 0.012760130 1276013
101.5 0.011607340 1160734
91.0 0.010404020 1040402
115.5 0.012891810 1289181
108.5 0.012450380 1245038
126.0 0.011560640 1156064
133.0 0.008780300 878030
147.0 0.001660320 166032
94.5 0.010750880 1075088
129.5 0.010355790 1035579
84.0 0.009916930 991693
87.5 0.010139490 1013949
119.0 0.012772060 1277206
143.5 0.003107580 310758
150.5 0.000722270 72227
157.5 0.000059820 5982
154.0 0.000243390 24339
161.0 0.000010370 1037
164.5 0.000001020 102
168.0 0.000000040 4
