7.0 0.001077530 107753
17.5 0.000416010 41601
24.5 0.001818460 181846
21.0 0.000446860 44686
28.0 0.002221950 222195
31.5 0.002511180 251118
35.0 0.003568340 356834
38.5 0.004139960 413996
42.0 0.005081760 508176
45.5 0.006042420 604242
49.0 0.007087330 708733
52.5 0.008195140 819514
56.0 0.009378030 937803
59.5 0.010687900 1068790
63.0 0.012096570 1209657
73.5 0.017202200 1720220
66.5 0.013650860 1365086
70.0 0.015320590 1532059
77.0 0.019298210 1929821
80.5 0.021632380 2163238
122.5 0.065476310 6547631
112.0 0.056430910 5643091
91.0 0.030449660 3044966
119.0 0.063926790 6392679
115.5 0.060671160 6067116
126.0 0.064647720 6464772
136.5 0.044101930 4410193
87.5 0.027184250 2718425
105.0 0.046940670 4694067
101.5 0.042368600 4236860
133.0 0.053930220 5393022
94.5 0.034060620 3406062
98.0 0.038003550 3800355
108.5 0.051692920 5169292
150.5 0.005239610 523961
129.5 0.060874470 6087447
143.5 0.021187200 2118720
147.0 0.011671860 1167186
84.0 0.024263920 2426392
140.0 0.032634790 3263479
154.0 0.001813830 181383
157.5 0.000464360 46436
161.0 0.000081050 8105
164.5 0.000009280 928
168.0 0.000000600 60
171.5 0.000000040 4
