7.0 0.000014240 1424
17.5 0.000012940 1294
21.0 0.000009020 902
24.5 0.000050800 5080
28.0 0.000094810 9481
31.5 0.000129090 12909
35.0 0.000218460 21846
38.5 0.000322770 32277
42.0 0.000460460 46046
45.5 0.000651440 65144
49.0 0.000883940 88394
56.0 0.001523950 152395
52.5 0.001165900 116590
140.0 0.101343310 10134331
115.5 0.038911790 3891179
126.0 0.067159170 6715917
70.0 0.003788290 378829
129.5 0.079636940 7963694
122.5 0.056112470 5611247
133.0 0.091808430 9180843
150.5 0.039825370 3982537
108.5 0.027362800 2736280
119.0 0.046657390 4665739
143.5 0.089980870 8998087
157.5 0.005643130 564313
91.0 0.011651610 1165161
136.5 0.100659110 10065911
59.5 0.001951780 195178
101.5 0.019433550 1943355
147.0 0.067023170 6702317
105.0 0.023021990 2302199
154.0 0.017792550 1779255
94.5 0.013846410 1384641
66.5 0.003070020 307002
77.0 0.005622000 562200
98.0 0.016370400 1637040
112.0 0.032574240 3257424
84.0 0.008153870 815387
80.5 0.006807290 680729
87.5 0.009784700 978470
63.0 0.002451950 245195
73.5 0.004648560 464856
161.0 0.001196940 119694
164.5 0.000159170 15917
168.0 0.000012300 1230
171.5 0.000000580 58
175.0 0.000000030 3
