147.0 0.175487050 17548705
126.0 0.023476450 2347645
133.0 0.062845650 6284565
136.5 0.098983460 9898346
143.5 0.175785790 17578579
154.0 0.073745860 7374586
150.5 0.133786040 13378604
157.5 0.027842910 2784291
140.0 0.142410480 14241048
129.5 0.038462040 3846204
122.5 0.014494010 1449401
115.5 0.005764230 576423
119.0 0.009111990 911199
112.0 0.003660430 366043
101.5 0.000932140 93214
108.5 0.002333700 233370
164.5 0.001001440 100144
94.5 0.000365260 36526
161.0 0.006794190 679419
105.0 0.001474610 147461
80.5 0.000050520 5052
91.0 0.000225730 22573
87.5 0.000138980 13898
84.0 0.000085630 8563
98.0 0.000585370 58537
77.0 0.000029260 2926
168.0 0.000083390 8339
73.5 0.000017690 1769
66.5 0.000005580 558
70.0 0.000009820 982
52.5 0.000000340 34
171.5 0.000003450 345
63.0 0.000003330 333
59.5 0.000001650 165
56.0 0.000000990 99
49.0 0.000000280 28
45.5 0.000000100 10
35.0 0.000000020 2
175.0 0.000000090 9
38.5 0.000000030 3
42.0 0.000000020 2
