147.0 0.204081230 20408123
140.0 0.136189890 13618989
143.5 0.188154310 18815431
150.5 0.165389690 16538969
136.5 0.081420470 8142047
154.0 0.095608370 9560837
119.0 0.002083350 208335
133.0 0.042530830 4253083
157.5 0.037332920 3733292
129.5 0.020445480 2044548
122.5 0.004419460 441946
164.5 0.001412550 141255
126.0 0.009528840 952884
161.0 0.009365370 936537
115.5 0.000998610 99861
112.0 0.000475290 47529
105.0 0.000109580 10958
108.5 0.000228490 22849
101.5 0.000053060 5306
168.0 0.000120580 12058
98.0 0.000024730 2473
171.5 0.000005500 550
87.5 0.000002340 234
84.0 0.000001200 120
91.0 0.000005630 563
94.5 0.000011300 1130
80.5 0.000000460 46
77.0 0.000000210 21
70.0 0.000000050 5
175.0 0.000000130 13
73.5 0.000000090 9
66.5 0.000000030 3
